38.0 319.0 11.0 17.0 filled_note E 7.933751806809046
38.0 354.0 11.0 17.0 filled_note E 7.933751806809046
38.0 389.0 11.0 17.0 filled_note E 7.933751806809046
38.0 755.0 11.0 17.0 filled_note E 9.967530380407535
38.0 790.0 11.0 17.0 filled_note E 9.967530380407535
38.0 825.0 11.0 17.0 filled_note E 9.967530380407535
49.0 179.0 11.0 17.0 filled_note C 11.557646600906935
49.0 214.0 11.0 17.0 filled_note C 11.557646600906935
49.0 249.0 11.0 17.0 filled_note C 7.699590900454395
49.0 424.0 11.0 17.0 filled_note C 10.82116938107733
49.0 494.0 11.0 17.0 filled_note C 10.82116938107733
49.0 615.0 11.0 17.0 filled_note C 7.804963675690037
49.0 650.0 11.0 17.0 filled_note C 7.804963675690037
49.0 685.0 11.0 17.0 filled_note C 9.733369474052884
49.0 860.0 11.0 17.0 filled_note C 9.733369474052884
49.0 929.0 11.0 17.0 filled_note C 7.804963675690037
55.0 459.0 11.0 17.0 filled_note A 17.61464759839077
55.0 894.0 11.0 17.0 filled_note A 15.516547376739133
56.0 459.0 11.0 17.0 filled_note A 9.896378253294692
56.0 894.0 11.0 17.0 filled_note A 9.191367898651736
61.0 109.0 11.0 17.0 filled_note G 11.791807507261586
61.0 284.0 11.0 17.0 filled_note G 7.933751806809046
61.0 545.0 11.0 17.0 filled_note G 8.039124582044687
61.0 720.0 11.0 17.0 filled_note G 9.967530380407535
61.0 980.0 11.0 17.0 filled_note G 11.791807507261586
61.0 1082.0 11.0 17.0 filled_note G 11.806656797048866
68.0 52.0 11.0 17.0 filled_note F 21.260987789753155
78.0 144.0 11.0 17.0 filled_note D 11.432444417607465
78.0 580.0 11.0 17.0 filled_note D 7.679761492390567
89.0 1082.0 11.0 17.0 filled_note B 7.822101430028192
136.0 459.0 11.0 17.0 filled_note G 11.055330287431982
136.0 894.0 11.0 17.0 filled_note G 8.039124582044687
153.0 109.0 11.0 17.0 filled_note E 15.223676992324537
154.0 109.0 11.0 17.0 filled_note E 15.666483088608294
154.0 965.0 11.0 17.0 filled_note E 13.650033714532663
158.0 68.0 11.0 17.0 filled_note D 20.018270666227785
170.0 459.0 11.0 17.0 filled_note B 13.609634662087803
170.0 894.0 11.0 17.0 filled_note B 11.110409475342697
177.0 965.0 11.0 17.0 filled_note A 13.650033714532663
177.0 966.0 11.0 17.0 filled_note A 20.992237172171695
186.0 459.0 11.0 17.0 filled_note F 14.081304186879901
186.0 895.0 11.0 17.0 filled_note F 20.968074435108512
187.0 459.0 11.0 17.0 filled_note F 20.23618353021771
193.0 1082.0 11.0 17.0 filled_note E 7.804963675690037
34.0 1160.0 35.0 16.0 eighth_rest _ 42.711759430206925
155.0 246.0 35.0 16.0 eighth_rest _ 37.57300545921317
155.0 682.0 35.0 16.0 eighth_rest _ 37.57300545921317
155.0 1160.0 35.0 16.0 eighth_rest _ 37.57300545921317
38.0 1028.0 29.0 18.0 quarter_rest _ 22.93244460421786
159.0 386.0 29.0 18.0 quarter_rest _ 20.50192889261795
159.0 822.0 29.0 18.0 quarter_rest _ 20.50192889261795
159.0 1028.0 29.0 18.0 quarter_rest _ 20.50192889261795
